
26.485366582870483
38.595550775527954
17.179451942443848
31.32658338546753
20.971565008163452
21.526260375976562
80.43031358718872
13.360527992248535
143.63317346572876
147.72287940979004
6.404900074005127
7.397291421890259
13.609480381011963
7.277351379394531
10.562833547592163
8.863370418548584
9.203303337097168
7.101995468139648
28.29814338684082
35.445995569229126
7.151081800460815
7.2371439933776855
12.602867126464844
6.342249870300293
8.956237554550171
9.162172079086304
12.077128171920776
10.747549057006836
32.67022681236267
43.85199689865112
4.69854211807251
7.198735952377319
7.267079591751099
10.457159757614136
9.09054160118103
10.104397058486938
8.033763885498047
34.801756381988525
39.07110786437988
45.10004234313965
7.871989727020264
8.888319730758667
13.915948867797852
7.601659297943115
10.609865188598633
9.107092380523682
8.18944525718689
10.777298927307129
31.62408971786499
37.76916217803955
6.923612356185913
7.9347474575042725
13.113634586334229
6.42421555519104
9.369153499603271
7.527751445770264
8.20243525505066
6.930989742279053
36.08091425895691
43.089335680007935
4.779819488525391
7.204277276992798
15.17470121383667
8.446978092193604
12.473054885864258
8.455521821975708
8.259534120559692
7.3598973751068115
29.86209535598755
34.506752729415894
8.1296546459198
12.130033254623413
15.871313571929932
7.898475170135498
12.134667873382568
9.432733058929443
7.8473241329193115
9.847182989120483
32.456953287124634
32.55479025840759
7.712300062179565
13.515879154205322
14.522493600845337
12.548173427581787
7.771563768386841
9.03344988822937
7.355336427688599
8.633264303207397
39.00643014907837
48.69089436531067
5.97437858581543
7.123598337173462
7.6899635791778564
10.753926515579224
21.858654260635376
11.67334270477295
10.44317626953125
8.476394176483154
37.273210525512695
42.03586411476135
7.923831224441528
9.089572429656982
7.900876522064209
11.635040760040283
21.44373607635498
9.357935905456543
7.841563701629639
6.926619052886963
40.237874269485474
42.32743263244629
6.99327540397644
11.052827596664429
17.024101495742798
9.86767578125
14.588719129562378
8.698134660720825
6.921019554138184
9.28519082069397
33.27667284011841
42.048657178878784
6.023141145706177
7.353022575378418
15.59305715560913
8.663662433624268
12.176940202713013
8.78805661201477
7.915830135345459
11.907068014144897
32.843345165252686
39.208516120910645
6.553101539611816
9.478845834732056
15.411246538162231
9.346846342086792
13.630258798599243
10.23653769493103
9.678570032119751
8.647393465042114
35.00050091743469
49.03013730049133