
0.47 0.0 0.4646 0.0 456483505
0.47 0.0 0.4646 0.0 456483505
0.34 0.0 0.3393 0.0 456483505
0.3 0.0 0.2929 0.0 456483505
0.28 0.0 0.2727 0.0 456483505
0.45 0.0 0.4444 0.0 456483505
0.79 0.0 0.7879 0.0 456483505
0.37 0.0 0.3636 0.0 456483505
0.29 0.0 0.2828 0.0 456483505
0.79 0.0 0.7879 0.0 456483505
0.79 0.0 0.7879 0.0 456483505
0.41 0.0 0.404 0.0 456483505
0.36 0.0 0.3535 0.0 456483505
0.23 0.0 0.2222 0.0 456483505
0.23 0.0 0.2222 0.0 456483505
0.23 0.0 0.2222 0.0 456483505
0.23 0.0 0.2222 0.0 456483505
0.23 0.0 0.2222 0.0 456483505
0.23 0.0 0.2222 0.0 456483505
1.0 1.0 1.0 1.0 456483505
1.0 1.0 1.0 1.0 456483505
1.0 1.0 1.0 1.0 456483505
1.0 1.0 1.0 1.0 456483505
1.0 1.0 1.0 1.0 456483505
1.0 1.0 1.0 1.0 456483505
1.0 1.0 1.0 1.0 456483505
1.0 1.0 1.0 1.0 456483505
1.0 1.0 1.0 1.0 456483505
1.0 1.0 1.0 1.0 456483505
1.0 1.0 1.0 1.0 456483505
1.0 1.0 1.0 1.0 456483505
0.95 0.9386 0.9514 0.9295 456483505
1.0 1.0 1.0 1.0 456483505
1.0 1.0 1.0 1.0 456483505
1.0 1.0 1.0 1.0 456483505
0.42 0.101 0.4088 0.0413 456483505
1.0 1.0 1.0 1.0 456483505
0.98 0.9389 0.9796 0.9468 456483505
1.0 1.0 1.0 1.0 456483505
1.0 1.0 1.0 1.0 456483505
1.0 1.0 1.0 1.0 456483505
1.0 1.0 1.0 1.0 456483505
1.0 1.0 1.0 1.0 456483505
1.0 1.0 1.0 1.0 456483505
1.0 1.0 1.0 1.0 456483505
1.0 1.0 1.0 1.0 456483505
1.0 1.0 1.0 1.0 456483505
0.562 0.3114 0.5496 0.2825 456483505
0.708 0.46 0.7041 0.4381 0
1.0 1.0 1.0 1.0 0
0.729 0.507 0.7405 0.4486 0
0.353 0.0664 0.2739 0.0349 0
0.996 0.9852 0.996 0.9894 0
0.955 0.8659 0.9553 0.8856 0


#New_Version_1
#noise_adj:0.1,0.2,0.3,0.4,0.5,0.6,0.7,0.8
1.0 1.0 1.0 1.0 0
1.0 1.0 1.0 1.0 0
1.0 1.0 1.0 1.0 0
0.996 0.9836 0.996 0.9894 0
0.922 0.7459 0.922 0.8025 0
0.565 0.1773 0.5664 0.1808 0
0.307 0.0198 0.3043 0.0148 0
0.445 0.0828 0.4275 0.0802 0

#noise_att:0.1,0.2,0.3,0.4,0.5,0.6,0.7,0.8,0.9
1.0 1.0 1.0 1.0 0
1.0 1.0 1.0 1.0 0
1.0 1.0 1.0 1.0 0
1.0 1.0 1.0 1.0 0
1.0 1.0 1.0 1.0 0
0.996 0.9822 0.996 0.9894 0
0.981 0.9279 0.981 0.95 0
0.994 0.9758 0.994 0.9841 0
0.867 0.6528 0.8682 0.6765 0



#New_Version_2
#noise_adj:0.2,0.4,0.5,0.6,0.8
0.982 0.9266 0.982 0.9525 0
0.744 0.4033 0.7445 0.4384 0
0.396 0.0642 0.3968 0.0563 0
0.298 0.0087 0.2977 0.0052 0
0.282 0.0028 0.2707 0.0001 0


#noise_att:0.2,0.4,0.6,0.8
0.997 0.9869 0.997 0.992 0
0.966 0.8755 0.966 0.9117 0
0.505 0.2021 0.5123 0.1804 0
0.475 0.2101 0.4835 0.1625 0


